0000000000000000000000000000000000000000
0001110000000000000000000000000000000000
0001000000000000000000000000000000000000
0001110000000000000000000000000000000000
0000000000000000000000000000000000000000
0000000000000000000000000000000000000000
0000000000001110000000000000000000000000
0000000000000010000000000000001111100000
0000000000001110000000000000000000100000
0000000000000000000000000000000000100000
0000000000000000000000000001111111100000
0001110000000000000000000000000000100000
0001000000000000000000000000000000100000
0001110000000000000000000000001111100000
0000000000000000000000000000000000000000
0000000000000000000000000000000000000000
0000000000001110000000000000000000000000
0000000000000010000000000000000000000000
0000000000001110000000000000000000000000
0000000000000000000000000000000000000000